0   18.5582
0.0100   19.8355
0.0200   21.7590
0.0300   24.5242
0.0400   27.8375
0.0500   31.2875
0.0600   34.3525
0.0700   36.7075
0.0800   38.2000
0.0900   39.0325
0.1000   39.3550
0.1100   39.4200
0.1200   39.2400
0.1300   38.8300
0.1400   38.1450
0.1500   37.2325
0.1600   36.1550
0.1700   34.9425
0.1800   33.5425
0.1900   31.7575
0.2000   29.5000
0.2100   26.6800
0.2200   23.5980
0.2300   20.6043
0.2400   18.0385
0.2500   16.0650
0.2600   14.5440
0.2700   13.1630
0.2800   11.5760
0.2900    9.6662
0.3000    7.5122
0.3100    5.4300
0.3200    3.7715
0.3300    2.5980
0.3400    1.8918
0.3500    1.4127
0.3600    0.9710
0.3700    0.4759
0.3800   -0.0260
0.3900   -0.4142
0.4000   -0.6440
0.4100   -0.7093
0.4200   -0.7188
0.4300   -0.7361
0.4400   -0.7554
0.4500   -0.7017
0.4600   -0.4892
0.4700   -0.1056
0.4800    0.3852
0.4900    0.8730
0.5000    1.2799
0.5100    1.6413
0.5200    2.0809
0.5300    2.7372
0.5400    3.7375
0.5500    5.0725
0.5600    6.6748
0.5700    8.4413
0.5800   10.2785
0.5900   12.1028
0.6000   13.8277
0.6100   15.3012
0.6200   16.4870
0.6300   17.3630
0.6400   18.1385
0.6500   19.1190
0.6600   20.6860
0.6700   23.0197
0.6800   26.1000
0.6900   29.5475
0.7000   32.8575
0.7100   35.6300
0.7200   37.5275
0.7300   38.6850
0.7400   39.2275
0.7500   39.4150
0.7600   39.3600
0.7700   39.0700
0.7800   38.5325
0.7900   37.7200
0.8000   36.7200
0.8100   35.5775
0.8200   34.2950
0.8300   32.7225
0.8400   30.7125
0.8500   28.1625
0.8600   25.1900
0.8700   22.0945
0.8800   19.2825
0.8900   16.9782
0.9000   15.2837
0.9100   13.8765
0.9200   12.4238
0.9300   10.6798
0.9400    8.6133
0.9500    6.4710
0.9600    4.5572
0.9700    3.1357
0.9800    2.2010
0.9900    1.6425
1.0000    1.2033
1.0100    0.7334
1.0200    0.2244
1.0300   -0.2344
1.0400   -0.5479
1.0500   -0.6865
1.0600   -0.7173
1.0700   -0.7248
1.0800   -0.7482
1.0900   -0.7469
1.1000   -0.6180
1.1100   -0.3263
1.1200    0.1294
1.1300    0.6320
1.1400    1.0826
1.1500    1.4577
1.1600    1.8337
1.1700    2.3702
1.1800    3.1795
1.1900    4.3552
1.2000    5.8193
1.2100    7.5270
1.2200    9.3400
1.2300   11.1817
1.2400   12.9625
1.2500   14.5805
1.2600   15.9217
1.2700   16.9488
1.2800   17.7405
1.2900   18.5530
1.3000   19.8050
1.3100   21.7075
1.3200   24.4635
1.3300   27.7675
1.3400   31.2200
1.3500   34.3000
1.3600   36.6650
1.3700   38.1775
1.3800   39.0175
1.3900   39.3525
1.4000   39.4225
1.4100   39.2450
1.4200   38.8425
1.4300   38.1600
1.4400   37.2525
1.4500   36.1775
1.4600   34.9700
1.4700   33.5725
1.4800   31.7975
1.4900   29.5500
1.5000   26.7400
1.5100   23.6595
1.5200   20.6620
1.5300   18.0817
1.5400   16.1005
1.5500   14.5712
1.5600   13.1910
1.5700   11.6115
1.5800    9.7060
1.5900    7.5553
1.6000    5.4657
1.6100    3.8010
1.6200    2.6143
1.6300    1.9034
1.6400    1.4212
1.6500    0.9801
1.6600    0.4863
1.6700   -0.0162
1.6800   -0.4081
1.6900   -0.6406
1.7000   -0.7087
1.7100   -0.7186
1.7200   -0.7356
1.7300   -0.7558
1.7400   -0.7036
1.7500   -0.4956
1.7600   -0.1143
1.7700    0.3750
1.7800    0.8635
1.7900    1.2727
1.8000    1.6335
1.8100    2.0706
1.8200    2.7190
1.8300    3.7150
1.8400    5.0423
1.8500    6.6410
1.8600    8.4047
1.8700   10.2417
1.8800   12.0670
1.8900   13.7948
1.9000   15.2740
1.9100   16.4683
1.9200   17.3472
1.9300   18.1215
1.9400   19.0965
