0   		       1.541400000000001
0.001250000000000   1.558859673405179
0.002500000000000   1.579525560170216
0.003750000000000   1.603550312085189
0.005000000000000   1.631081480156541
0.006250000000000   1.662260831021582
0.007500000000000   1.697223687140358
0.008750000000000   1.736098294436962
0.010000000000000   1.779005220868497
0.011250000000000   1.826056789182446
0.012500000000000   1.877356546885182
0.013750000000000   1.932998776186259
0.015000000000000   1.993068046408488
0.016250000000000   2.057638811063336
0.017500000000000   2.126775051488297
0.018750000000000   2.200529968629217
0.020000000000000   2.278945724228881
0.021250000000000   2.362053232355619
0.022500000000000   2.449872001875347
0.023750000000000   2.542410030138958
0.025000000000000   2.639663747827693
0.026250000000000   2.741618014573917
0.027500000000000   2.848246164656109
0.028750000000000   2.959510101757517
0.030000000000000   3.075360441479575
0.031250000000000   3.195736700016278
0.032500000000000   3.320567527126470
0.033750000000000   3.449770981288479
0.035000000000000   3.583254844688796
0.036250000000000   3.720916975483563
0.037500000000000   3.862645694581349
0.038750000000000   4.008320204028044
0.040000000000000   4.157811033931601
0.041250000000000   4.310980514746059
0.042500000000000   4.467683271641487
0.043750000000000   4.627766737619919
0.045000000000000   4.791071681996628
0.046250000000000   4.957432750851594
0.047500000000000   5.126679016067405
0.048750000000000   5.298634529606454
0.050000000000000   5.473118879741834
0.051250000000000   5.649947746041591
0.052500000000000   5.828933450014106
0.053750000000000   6.009885498452280
0.055000000000000   6.192611116664060
0.056250000000000   6.376915768945639
0.057500000000000   6.562603663839416
0.058750000000000   6.749478241919781
0.060000000000000   6.937342644064142
0.061250000000000   7.126000158392309
0.062500000000000   7.315254644292331
0.063750000000000   7.504910932193035
0.065000000000000   7.694775197990682
0.066250000000000   7.884655311287114
0.067500000000000   8.074361156847518
0.068750000000000   8.263704928934919
0.070000000000000   8.452501398424261
0.071250000000000   8.640568152838544
0.072500000000000   8.827725809681874
0.073750000000000   9.013798203666692
0.075000000000000   9.198612548643599
0.076250000000000   9.381999575240462
0.077500000000000   9.563793645400631
0.078750000000000   9.743832845177753
0.080000000000000   9.921959057294503
0.081250000000000  10.098018015104351
0.082500000000000  10.271859339707738
0.083750000000000  10.443336562066262
0.085000000000000  10.612307132030184
0.086250000000000  10.778632416245047
0.087500000000000  10.942177686932828
0.088750000000000  11.102812103551136
0.090000000000000  11.260408689321386
0.091250000000000  11.414844304583635
0.092500000000000  11.565999618882381
0.093750000000000  11.713759083615139
0.095000000000000  11.858010906984710
0.096250000000000  11.998647032887769
0.097500000000000  12.135563125248101
0.098750000000000  12.268658559163853
0.100000000000000  12.397836420085847
0.101250000000000  12.523003512079939
0.102500000000000  12.644070376052658
0.103750000000000  12.760951318637026
0.105000000000000  12.873564452246903
0.106250000000000  12.981831746615248
0.107500000000000  13.085679091935697
0.108750000000000  13.185036373530778
0.110000000000000  13.279837557774494
0.111250000000000  13.370020788805292
0.112500000000000  13.455528495377965
0.113750000000000  13.536307507023004
0.115000000000000  13.612309178509804
0.116250000000000  13.683489521448747
0.117500000000000  13.749809341717082
0.118750000000000  13.811234381256901
0.120000000000000  13.867735462671339
0.121250000000000  13.919288634938402
0.122500000000000  13.965875318472333
0.123750000000000  14.007482447690105
0.125000000000000  14.044102609186876
0.126250000000000  14.075734173589455
0.127500000000000  14.102381419141274
0.128750000000000  14.124054645076356
0.130000000000000  14.140770272863369
0.131250000000000  14.152550933443903
0.132500000000000  14.159425538651345
0.133750000000000  14.161429335077349
0.135000000000000  14.158603938752108
0.136250000000000  14.150997349120255
0.137500000000000  14.138663940926975
0.138750000000000  14.121664432775949
0.140000000000000  14.100065831282388
0.141250000000000  14.073941349918243
0.142500000000000  14.043370301831487
0.143750000000000  14.008437966116071
0.145000000000000  13.969235427211276
0.146250000000000  13.925859387317665
0.147500000000000  13.878411951929500
0.148750000000000  13.827000388798847
0.150000000000000  13.771736860862360
0.151250000000000  13.712738133876464
0.152500000000000  13.650125259718296
0.153750000000000  13.584023236516574
0.155000000000000  13.514560646976458
0.156250000000000  13.441869276454515
0.157500000000000  13.366083712521135
0.158750000000000  13.287340927918152
0.160000000000000  13.205779848975951
0.161250000000000  13.121540911696998
0.162500000000000  13.034765607839311
0.163750000000000  12.945596023442969
0.165000000000000  12.854174372334981
0.166250000000000  12.760642527220865
0.167500000000000  12.665141551025068
0.168750000000000  12.567811231176515
0.170000000000000  12.468789619549126
0.171250000000000  12.368212580760449
0.172500000000000  12.266213351504343
0.173750000000000  12.162922113546145
0.175000000000000  12.058465582941242
0.176250000000000  11.952966617950946
0.177500000000000  11.846543848023620
0.178750000000000  11.739311326084982
0.180000000000000  11.631378206240452
0.181250000000000  11.522848448834873
0.182500000000000  11.413820554643175
0.183750000000000  11.304387329779466
0.185000000000000  11.194635682714434
0.186250000000000  11.084646454582455
0.187500000000000  10.974494283742228
0.188750000000000  10.864247505330141
0.190000000000000  10.753968086315208
0.191250000000000  10.643711596329947
0.192500000000000  10.533527214315814
0.193750000000000  10.423457770784866
0.195000000000000  10.313539825264826
0.196250000000000  10.203803778263056
0.197500000000000  10.094274016858519
0.198750000000000   9.984969092811351
0.200000000000000   9.875901931868444
0.201250000000000   9.767080072742401
0.202500000000000   9.658505934051579
0.203750000000000   9.550177107332317
0.205000000000000   9.442086674071758
0.206250000000000   9.334223544562603
0.207500000000000   9.226572816250110
0.208750000000000   9.119116149128061
0.210000000000000   9.011832155644720
0.211250000000000   8.904696802502754
0.212500000000000   8.797683821678941
0.213750000000000   8.690765127950950
0.215000000000000   8.583911240199120
0.216250000000000   8.477091703751535
0.217500000000000   8.370275511060239
0.218750000000000   8.263431518035096
0.220000000000000   8.156528853418914
0.221250000000000   8.049537318662653
0.222500000000000   7.942427775851832
0.223750000000000   7.835172521343970
0.225000000000000   7.727745642901051
0.226250000000000   7.620123358239281
0.227500000000000   7.512284333069975
0.228750000000000   7.404209976868654
0.230000000000000   7.295884714783051
0.231250000000000   7.187296234273641
0.232500000000000   7.078435705270413
0.233750000000000   6.969297972825868
0.235000000000000   6.859881721445014
0.236250000000000   6.750189610476562
0.237500000000000   6.640228380154537
0.238750000000000   6.530008928083930
0.240000000000000   6.419546356166998
0.241250000000000   6.308859988166179
0.242500000000000   6.197973358294261
0.243750000000000   6.086914171411136
0.245000000000000   5.975714235587326
0.246250000000000   5.864409367966846
0.247500000000000   5.753039275024424
0.248750000000000   5.641647408463264
0.250000000000000   5.530280798139334
0.251250000000000   5.418989863524596
0.252500000000000   5.307828205334896
0.253750000000000   5.196852379047330
0.255000000000000   5.086121652116358
0.256250000000000   4.975697746767348
0.257500000000000   4.865644570300796
0.258750000000000   4.756027934879213
0.260000000000000   4.646915268792728
0.261250000000000   4.538375321207883
0.262500000000000   4.430477862398045
0.263750000000000   4.323293381433150
0.265000000000000   4.216892783271843
0.266250000000000   4.111347087151254
0.267500000000000   4.006727128108706
0.268750000000000   3.903103263397542
0.270000000000000   3.800545085475396
0.271250000000000   3.699121143149879
0.272500000000000   3.598898672363982
0.273750000000000   3.499943337992983
0.275000000000000   3.402318987907132
0.276250000000000   3.306087420431253
0.277500000000000   3.211308166204678
0.278750000000000   3.118038285313714
0.280000000000000   3.026332180435543
0.281250000000000   2.936241426597996
0.282500000000000   2.847814618025210
0.283750000000000   2.761097232406168
0.285000000000000   2.676131512792019
0.286250000000000   2.592956367200631
0.287500000000000   2.511607285883326
0.288750000000000   2.432116276090739
0.290000000000000   2.354511814062219
0.291250000000000   2.278818813858203
0.292500000000000   2.205058612556469
0.293750000000000   2.133248971243570
0.295000000000000   2.063404091150998
0.296250000000000   1.995534644213163
0.297500000000000   1.929647817260826
0.298750000000000   1.865747369009746
0.300000000000000   1.803833698959859
0.301250000000000   1.743903927285507
0.302500000000000   1.685951984771880
0.303750000000000   1.629968711836996
0.305000000000000   1.575941965671307
0.306250000000000   1.523856734529373
0.307500000000000   1.473695258217807
0.308750000000000   1.425437153842169
0.310000000000000   1.379059545900661
0.311250000000000   1.334537199844907
0.312500000000000   1.291842658266242
0.313750000000000   1.250946378909676
0.315000000000000   1.211816873766132
0.316250000000000   1.174420848545793
0.317500000000000   1.138723341890952
0.318750000000000   1.104687863744520
0.320000000000000   1.072276532349982
0.321250000000000   1.041450209418670
0.322500000000000   1.012168633060889
0.323750000000000   0.984390548136953
0.325000000000000   0.958073833742704
0.326250000000000   0.933175627600501
0.327500000000000   0.909652447180320
0.328750000000000   0.887460307426387
0.330000000000000   0.866554835011389
0.331250000000000   0.846891379083304
0.332500000000000   0.828425118507849
0.333750000000000   0.811111165643047
0.335000000000000   0.794904666710604
0.336250000000000   0.779760898851646
0.337500000000000   0.765635363972139
0.338750000000000   0.752483879495308
0.340000000000000   0.740262666145254
0.341250000000000   0.728928432887556
0.342500000000000   0.718438459149012
0.343750000000000   0.708750674430457
0.345000000000000   0.699823735413628
0.346250000000000   0.691617100646173
0.347500000000000   0.684091102867957
0.348750000000000   0.677207019018105
0.350000000000000   0.670927137935182
0.351250000000000   0.665214825734194
0.352500000000000   0.660034588813318
0.353750000000000   0.655352134411685
0.355000000000000   0.651134428607475
0.356250000000000   0.647349751613529
0.357500000000000   0.643967750196684
0.358750000000000   0.640959487017057
0.360000000000000   0.638297486655826
0.361250000000000   0.635955778074726
0.362500000000000   0.633909933228097
0.363750000000000   0.632137101529813
0.365000000000000   0.630616039862525
0.366250000000000   0.629327137806546
0.367500000000000   0.628252437759975
0.368750000000000   0.627375649621314
0.370000000000000   0.626682159710630
0.371250000000000   0.626159033615390
0.372500000000000   0.625795012663178
0.373750000000000   0.625580503744595
0.375000000000000   0.625507562236760
0.376250000000000   0.625569867810024
0.377500000000000   0.625762692938166
0.378750000000000   0.626082863974920
0.380000000000000   0.626528714706703
0.381250000000000   0.627100032343294
0.382500000000000   0.627797995963162
0.383750000000000   0.628625107489169
0.385000000000000   0.629585115331547
0.386250000000000   0.630682930898957
0.387500000000000   0.631924538243493
0.388750000000000   0.633316897171537
0.390000000000000   0.634867840218733
0.391250000000000   0.636585963952835
0.392500000000000   0.638480515132814
0.393750000000000   0.640561272314653
0.395000000000000   0.642838423554184
0.396250000000000   0.645322440913144
0.397500000000000   0.648023952526722
0.398750000000000   0.650953613037817
0.400000000000000   0.654121973244807
0.401250000000000   0.657539349844978
0.402500000000000   0.661215696184610
0.403750000000000   0.665160474948168
0.405000000000000   0.669382533733147
0.406250000000000   0.673889984463049
0.407500000000000   0.678690087588804
0.408750000000000   0.683789142018134
0.410000000000000   0.689192381693084
0.411250000000000   0.694903879707884
0.412500000000000   0.700926460822654
0.413750000000000   0.707261623183225
0.415000000000000   0.713909470003929
0.416250000000000   0.720868651908391
0.417500000000000   0.728136320554444
0.418750000000000   0.735708094092462
0.420000000000000   0.743578034923523
0.421250000000000   0.751738640134408
0.422500000000000   0.760180844891819
0.423750000000000   0.768894038978984
0.425000000000000   0.777866096554542
0.426250000000000   0.787083419107460
0.427500000000000   0.796530991473543
0.428750000000000   0.806192450669520
0.430000000000000   0.816050167191210
0.431250000000000   0.826085338313185
0.432500000000000   0.836278092820538
0.433750000000000   0.846607606498767
0.435000000000000   0.857052227607433
0.436250000000000   0.867589611467236
0.437500000000000   0.878196863200225
0.438750000000000   0.888850687579012
0.440000000000000   0.899527544864908
0.441250000000000   0.910203811447000
0.442500000000000   0.920855944035180
0.443750000000000   0.931460646111082
0.445000000000000   0.941995035301846
0.446250000000000   0.952436810313526
0.447500000000000   0.962764416043986
0.448750000000000   0.972957205489817
0.450000000000000   0.982995597068137
0.451250000000000   0.992861225992444
0.452500000000000   1.002537088371896
0.453750000000000   1.012007676745564
0.455000000000000   1.021259105816766
0.456250000000000   1.030279227217757
0.457500000000000   1.039057732211067
0.458750000000000   1.047586241320135
0.460000000000000   1.055858379978358
0.461250000000000   1.063869839390772
0.462500000000000   1.071618421916679
0.463750000000000   1.079104070402338
0.465000000000000   1.086328881020773
0.466250000000000   1.093297099308705
0.467500000000000   1.100015099228108
0.468750000000000   1.106491345220653
0.470000000000000   1.112736337365946
0.471250000000000   1.118762539898050
0.472500000000000   1.124584293477879
0.473750000000000   1.130217711760571
0.475000000000000   1.135680562935259
0.476250000000000   1.140992137049205
0.477500000000000   1.146173100057117
0.478750000000000   1.151245335658667
0.480000000000000   1.156231776102236
0.481250000000000   1.161156223238302
0.482500000000000   1.166043161202222
0.483750000000000   1.170917562191196
0.485000000000000   1.175804686873872
0.486250000000000   1.180729881032194
0.487500000000000   1.185718370083205
0.488750000000000   1.190795053162990
0.490000000000000   1.195984298475368
0.491250000000000   1.201309741613891
0.492500000000000   1.206794088557064
0.493750000000000   1.212458925013481
0.495000000000000   1.218324533755471
0.496250000000000   1.224409721527633
0.497500000000000   1.230731657049862
0.498750000000000   1.237305721554361
0.500000000000000   1.244145373202588
0.501250000000000   1.251262026622239
0.502500000000000   1.258664948686762
0.503750000000000   1.266361171531493
0.505000000000000   1.274355423662395
0.506250000000000   1.282650079866677
0.507500000000000   1.291245130480117
0.508750000000000   1.300138170405663
0.510000000000000   1.309324408112448
0.511250000000000   1.318796694675547
0.512500000000000   1.328545572746066
0.513750000000000   1.338559345169547
0.515000000000000   1.348824162800353
0.516250000000000   1.359324130891427
0.517500000000000   1.370041433274579
0.518750000000000   1.380956473387533
0.520000000000000   1.392048031051844
0.521250000000000   1.403293433761652
0.522500000000000   1.414668741108779
0.523750000000000   1.426148940845677
0.525000000000000   1.437708154975934
0.526250000000000   1.449319854162864
0.527500000000000   1.460957078661682
0.528750000000000   1.472592663910540
0.530000000000000   1.484199468860721
0.531250000000000   1.495750605087941
0.532500000000000   1.507219664704442
0.533750000000000   1.518580945086615
0.535000000000000   1.529809668444971
0.536250000000000   1.540882194292439
0.537500000000000   1.551776222913327
0.538750000000000   1.562470987998468
0.540000000000000   1.572947436691465
0.541250000000000   1.583188395386536
0.542500000000000   1.593178719728837
0.543750000000000   1.602905427393140
0.545000000000000   1.612357812355017
0.546250000000000   1.621527539519164
0.547500000000000   1.630408718731156
0.548750000000000   1.638997957370399
0.550000000000000   1.647294390901693
0.551250000000000   1.655299690949647
0.552500000000000   1.663018050651980
0.553750000000000   1.670456147243623
0.555000000000000   1.677623082021114
0.556250000000000   1.684530298034963
0.557500000000000   1.691191476054277
0.558750000000000   1.697622409541650
0.560000000000000   1.703840859565072
0.561250000000000   1.709866390756107
0.562500000000000   1.715720189597786
0.563750000000000   1.721424866490305
0.565000000000000   1.727004243196223
0.566250000000000   1.732483127407531
0.567500000000000   1.737887076304067
0.568750000000000   1.743242151084593
0.570000000000000   1.748574664547464
0.571250000000000   1.753910923876292
0.572500000000000   1.759276970846495
0.573750000000000   1.764698321710424
0.575000000000000   1.770199709041435
0.576250000000000   1.775804827820275
0.577500000000000   1.781536088030658
0.578750000000000   1.787414375994463
0.580000000000000   1.793458826621048
0.581250000000000   1.799686608669955
0.582500000000000   1.806112725032254
0.583750000000000   1.812749829923671
0.585000000000000   1.819608064753130
0.586250000000000   1.826694914284561
0.587500000000000   1.834015084548803
0.588750000000000   1.841570403787395
0.590000000000000   1.849359747522503
0.591250000000000   1.857378988648492
0.592500000000000   1.865620973232650
0.593750000000000   1.874075522496558
0.595000000000000   1.882729461227860
0.596250000000000   1.891566672646174
0.597500000000000   1.900568179518799
0.598750000000000   1.909712251093301
0.600000000000000   1.918974535187516
0.601250000000000   1.928328214554221
0.602500000000000   1.937744186420346
0.603750000000000   1.947191263890468
0.605000000000000   1.956636397703792
0.606250000000000   1.966044916644190
0.607500000000000   1.975380784726251
0.608750000000000   1.984606873118227
0.610000000000000   1.993685244616486
0.611250000000000   2.002577448357330
0.612500000000000   2.011244822341951
0.613750000000000   2.019648801259772
0.615000000000000   2.027751227025858
0.616250000000000   2.035514659399530
0.617500000000000   2.042902684025352
0.618750000000000   2.049880215233729
0.620000000000000   2.056413790957264
0.621250000000000   2.062471857160826
0.622500000000000   2.068025039247392
0.623750000000000   2.073046397988280
0.625000000000000   2.077511667634618
0.626250000000000   2.081399473996116
0.627500000000000   2.084691530422360
0.628750000000000   2.087372809790377
0.630000000000000   2.089431690788094
0.631250000000000   2.090860076985789
0.632500000000000   2.091653487404941
0.633750000000000   2.091811117524071
0.635000000000000   2.091335869902969
0.636250000000000   2.090234353857463
0.637500000000000   2.088516853875584
0.638750000000000   2.086197266729167
0.640000000000000   2.083293007502128
0.641250000000000   2.079824885023756
0.642500000000000   2.075816947462212
0.643750000000000   2.071296299095694
0.645000000000000   2.066292889536093
0.646250000000000   2.060839276928752
0.647500000000000   2.054970366891100
0.648750000000000   2.048723129179492
0.650000000000000   2.042136294286467
0.651250000000000   2.035250032367024
0.652500000000000   2.028105617071391
0.653750000000000   2.020745077021233
0.655000000000000   2.013210837804317
0.656250000000000   2.005545357479279
0.657500000000000   1.997790758674428
0.658750000000000   1.989988460433236
0.660000000000000   1.982178813002140
0.661250000000000   1.974400738773777
0.662500000000000   1.966691382590239
0.663750000000000   1.959085774575690
0.665000000000000   1.951616508606845
0.666250000000000   1.944313439442374
0.667500000000000   1.937203401419737
0.668750000000000   1.930309951490577
0.670000000000000   1.923653139204197
0.671250000000000   1.917249306064640
0.672500000000000   1.911110916481015
0.673750000000000   1.905246422304876
0.675000000000000   1.899660162704163
0.676250000000000   1.894352300862381
0.677500000000000   1.889318798715878
0.678750000000000   1.884551430653983
0.680000000000000   1.880037836807882
0.681250000000000   1.875761616247453
0.682500000000000   1.871702460092320
0.683750000000000   1.867836324227651
0.685000000000000   1.864135640998041
0.686250000000000   1.860569568937585
0.687500000000000   1.857104279282967
0.688750000000000   1.853703277711605
0.690000000000000   1.850327759451182
0.691250000000000   1.846936995622527
0.692500000000000   1.843488748407086
0.693750000000000   1.839939712375343
0.695000000000000   1.836245979075720
0.696250000000000   1.832363521766514
0.697500000000000   1.828248696978154
0.698750000000000   1.823858759421301
0.700000000000000   1.819152386609255
0.701250000000000   1.814090209442408
0.702500000000000   1.808635344908802
0.703750000000000   1.802753926989525
0.705000000000000   1.796415631820799
0.706250000000000   1.789594193157464
0.707500000000000   1.782267904204308
0.708750000000000   1.774420101933271
0.710000000000000   1.766039630085207
0.711250000000000   1.757121277164170
0.712500000000000   1.747666185869714
0.713750000000000   1.737682230577110
0.715000000000000   1.727184359666001
0.716250000000000   1.716194899713181
0.717500000000000   1.704743818803588
0.718750000000000   1.692868946473293
0.720000000000000   1.680616148077736
0.721250000000000   1.668039451675316
0.722500000000000   1.655201125828742
0.723750000000000   1.642171707051827
0.725000000000000   1.629029975965568
0.726250000000000   1.615862881571437
0.727500000000000   1.602765413399952
0.728750000000000   1.589840421645205
0.730000000000000   1.577198385749758
0.731250000000000   1.564957132255417
0.732500000000000   1.553241503081717
0.733750000000000   1.542182975733347
0.735000000000000   1.531919237266573
0.736250000000000   1.522593714161948
0.737500000000000   1.514355060552637
0.738750000000000   1.507356607543117
0.740000000000000   1.501755776619300
0.741250000000000   1.497713460396699
0.742500000000000   1.495393374175675
0.743750000000000   1.494961381971411
0.745000000000000   1.496584800858535
0.746250000000000   1.500431687616119
0.747500000000000   1.506670111776005
0.748750000000000   1.525467419266444
0.750000000000000   1.536989490901929
0.751250000000000   1.558859673405179
0.752500000000000   1.579525560170216
0.753750000000000   1.603550312085189
0.755000000000000   1.631081480156541
0.756250000000000   1.662260831021582
0.757500000000000   1.697223687140358
0.758750000000000   1.736098294436962
0.760000000000000   1.779005220868497
0.761250000000000   1.826056789182446
0.762500000000000   1.877356546885182
0.763750000000000   1.932998776186259
0.765000000000000   1.993068046408488
0.766250000000000   2.057638811063336
0.767500000000000   2.126775051488297
0.768750000000000   2.200529968629217
0.770000000000000   2.278945724228881
0.771250000000000   2.362053232355619
0.772500000000000   2.449872001875347
0.773750000000000   2.542410030138958
0.775000000000000   2.639663747827693
0.776250000000000   2.741618014573917
0.777500000000000   2.848246164656109
0.778750000000000   2.959510101757517
0.780000000000000   3.075360441479575
0.781250000000000   3.195736700016278
0.782500000000000   3.320567527126470
0.783750000000000   3.449770981288479
0.785000000000000   3.583254844688796
0.786250000000000   3.720916975483563
0.787500000000000   3.862645694581349
0.788750000000000   4.008320204028044
0.790000000000000   4.157811033931601
0.791250000000000   4.310980514746059
0.792500000000000   4.467683271641487
0.793750000000000   4.627766737619919
0.795000000000000   4.791071681996628
0.796250000000000   4.957432750851594
0.797500000000000   5.126679016067405
0.798750000000000   5.298634529606454
0.800000000000000   5.473118879741834
0.801250000000000   5.649947746041591
0.802500000000000   5.828933450014106
0.803750000000000   6.009885498452280
0.805000000000000   6.192611116664060
0.806250000000000   6.376915768945639
0.807500000000000   6.562603663839416
0.808750000000000   6.749478241919781
0.810000000000000   6.937342644064142
0.811250000000000   7.126000158392309
0.812500000000000   7.315254644292331
0.813750000000000   7.504910932193035
0.815000000000000   7.694775197990682
0.816250000000000   7.884655311287114
0.817500000000000   8.074361156847518
0.818750000000000   8.263704928934919
0.820000000000000   8.452501398424261
0.821250000000000   8.640568152838544
0.822500000000000   8.827725809681874
0.823750000000000   9.013798203666692
0.825000000000000   9.198612548643599
0.826250000000000   9.381999575240462
0.827500000000000   9.563793645400631
0.828750000000000   9.743832845177753
0.830000000000000   9.921959057294503
0.831250000000000  10.098018015104351
0.832500000000000  10.271859339707738
0.833750000000000  10.443336562066262
0.835000000000000  10.612307132030184
0.836250000000000  10.778632416245047
0.837500000000000  10.942177686932828
0.838750000000000  11.102812103551136
0.840000000000000  11.260408689321386
0.841250000000000  11.414844304583635
0.842500000000000  11.565999618882381
0.843750000000000  11.713759083615139
0.845000000000000  11.858010906984710
0.846250000000000  11.998647032887769
0.847500000000000  12.135563125248101
0.848750000000000  12.268658559163853
0.850000000000000  12.397836420085847
0.851250000000000  12.523003512079939
0.852500000000000  12.644070376052658
0.853750000000000  12.760951318637026
0.855000000000000  12.873564452246903
0.856250000000000  12.981831746615248
0.857500000000000  13.085679091935697
0.858750000000000  13.185036373530778
0.860000000000000  13.279837557774494
0.861250000000000  13.370020788805292
0.862500000000000  13.455528495377965
0.863750000000000  13.536307507023004
0.865000000000000  13.612309178509804
0.866250000000000  13.683489521448747
0.867500000000000  13.749809341717082
0.868750000000000  13.811234381256901
0.870000000000000  13.867735462671339
0.871250000000000  13.919288634938402
0.872500000000000  13.965875318472333
0.873750000000000  14.007482447690105
0.875000000000000  14.044102609186876
0.876250000000000  14.075734173589455
0.877500000000000  14.102381419141274
0.878750000000000  14.124054645076356
0.880000000000000  14.140770272863369
0.881250000000000  14.152550933443903
0.882500000000000  14.159425538651345
0.883750000000000  14.161429335077349
0.885000000000000  14.158603938752108
0.886250000000000  14.150997349120255
0.887500000000000  14.138663940926975
0.888750000000000  14.121664432775949
0.890000000000000  14.100065831282388
0.891250000000000  14.073941349918243
0.892500000000000  14.043370301831487
0.893750000000000  14.008437966116071
0.895000000000000  13.969235427211276
0.896250000000000  13.925859387317665
0.897500000000000  13.878411951929500
0.898750000000000  13.827000388798847
0.900000000000000  13.771736860862360
0.901250000000000  13.712738133876464
0.902500000000000  13.650125259718296
0.903750000000000  13.584023236516574
0.905000000000000  13.514560646976458
0.906250000000000  13.441869276454515
0.907500000000000  13.366083712521135
0.908750000000000  13.287340927918152
0.910000000000000  13.205779848975951
0.911250000000000  13.121540911696998
0.912500000000000  13.034765607839311
0.913750000000000  12.945596023442969
0.915000000000000  12.854174372334981
0.916250000000000  12.760642527220865
0.917500000000000  12.665141551025068
0.918750000000000  12.567811231176515
0.920000000000000  12.468789619549126
0.921250000000000  12.368212580760449
0.922500000000000  12.266213351504343
0.923750000000000  12.162922113546145
0.925000000000000  12.058465582941242
0.926250000000000  11.952966617950946
0.927500000000000  11.846543848023620
0.928750000000000  11.739311326084982
0.930000000000000  11.631378206240452
0.931250000000000  11.522848448834873
0.932500000000000  11.413820554643175
0.933750000000000  11.304387329779466
0.935000000000000  11.194635682714434
0.936250000000000  11.084646454582455
0.937500000000000  10.974494283742228
0.938750000000000  10.864247505330141
0.940000000000000  10.753968086315208
0.941250000000000  10.643711596329947
0.942500000000000  10.533527214315814
0.943750000000000  10.423457770784866
0.945000000000000  10.313539825264826
0.946250000000000  10.203803778263056
0.947500000000000  10.094274016858519
0.948750000000000   9.984969092811351
0.950000000000000   9.875901931868444
0.951250000000000   9.767080072742401
0.952500000000000   9.658505934051579
0.953750000000000   9.550177107332317
0.955000000000000   9.442086674071758
0.956250000000000   9.334223544562603
0.957500000000000   9.226572816250110
0.958750000000000   9.119116149128061
0.960000000000000   9.011832155644720
0.961250000000000   8.904696802502754
0.962500000000000   8.797683821678941
0.963750000000000   8.690765127950950
0.965000000000000   8.583911240199120
0.966250000000000   8.477091703751535
0.967500000000000   8.370275511060239
0.968750000000000   8.263431518035096
0.970000000000000   8.156528853418914
0.971250000000000   8.049537318662653
0.972500000000000   7.942427775851832
0.973750000000000   7.835172521343970
0.975000000000000   7.727745642901051
0.976250000000000   7.620123358239281
0.977500000000000   7.512284333069975
0.978750000000000   7.404209976868654
0.980000000000000   7.295884714783051
0.981250000000000   7.187296234273641
0.982500000000000   7.078435705270413
0.983750000000000   6.969297972825868
0.985000000000000   6.859881721445014
0.986250000000000   6.750189610476562
0.987500000000000   6.640228380154537
0.988750000000000   6.530008928083930
0.990000000000000   6.419546356166998
0.991250000000000   6.308859988166179
0.992500000000000   6.197973358294261
0.993750000000000   6.086914171411136
0.995000000000000   5.975714235587326
0.996250000000000   5.864409367966846
0.997500000000000   5.753039275024424
0.998750000000000   5.641647408463264
1.000000000000000   5.530280798139334
1.001250000000000   5.418989863524596
1.002500000000000   5.307828205334896
1.003750000000000   5.196852379047330
1.005000000000000   5.086121652116358
1.006250000000000   4.975697746767348
1.007500000000000   4.865644570300796
1.008750000000000   4.756027934879213
1.010000000000000   4.646915268792728
1.011250000000000   4.538375321207883
1.012500000000000   4.430477862398045
1.013750000000000   4.323293381433150
1.015000000000000   4.216892783271843
1.016250000000000   4.111347087151254
1.017500000000000   4.006727128108706
1.018750000000000   3.903103263397542
1.020000000000000   3.800545085475396
1.021250000000000   3.699121143149879
1.022500000000000   3.598898672363982
1.023750000000000   3.499943337992983
1.025000000000000   3.402318987907132
1.026250000000000   3.306087420431253
1.027500000000000   3.211308166204678
1.028750000000000   3.118038285313714
1.030000000000000   3.026332180435543
1.031250000000000   2.936241426597996
1.032500000000000   2.847814618025210
1.033750000000000   2.761097232406168
1.035000000000000   2.676131512792019
1.036250000000000   2.592956367200631
1.037500000000000   2.511607285883326
1.038750000000000   2.432116276090739
1.040000000000000   2.354511814062219
1.041250000000000   2.278818813858203
1.042500000000000   2.205058612556469
1.043750000000000   2.133248971243570
1.045000000000000   2.063404091150998
1.046250000000000   1.995534644213163
1.047500000000000   1.929647817260826
1.048750000000000   1.865747369009746
1.050000000000000   1.803833698959859
1.051250000000000   1.743903927285507
1.052500000000000   1.685951984771880
1.053750000000000   1.629968711836996
1.055000000000000   1.575941965671307
1.056250000000000   1.523856734529373
1.057500000000000   1.473695258217807
1.058750000000000   1.425437153842169
1.060000000000000   1.379059545900661
1.061250000000000   1.334537199844907
1.062500000000000   1.291842658266242
1.063750000000000   1.250946378909676
1.065000000000000   1.211816873766132
1.066250000000000   1.174420848545793
1.067500000000000   1.138723341890952
1.068750000000000   1.104687863744520
1.070000000000000   1.072276532349982
1.071250000000000   1.041450209418670
1.072500000000000   1.012168633060889
1.073750000000000   0.984390548136953
1.075000000000000   0.958073833742704
1.076250000000000   0.933175627600501
1.077500000000000   0.909652447180320
1.078750000000000   0.887460307426387
1.080000000000000   0.866554835011389
1.081250000000000   0.846891379083304
1.082500000000000   0.828425118507849
1.083750000000000   0.811111165643047
1.085000000000000   0.794904666710604
1.086250000000000   0.779760898851646
1.087500000000000   0.765635363972139
1.088750000000000   0.752483879495308
1.090000000000000   0.740262666145254
1.091250000000000   0.728928432887556
1.092500000000000   0.718438459149012
1.093750000000000   0.708750674430457
1.095000000000000   0.699823735413628
1.096250000000000   0.691617100646173
1.097500000000000   0.684091102867957
1.098750000000000   0.677207019018105
1.100000000000000   0.670927137935182
1.101250000000000   0.665214825734194
1.102500000000000   0.660034588813318
1.103750000000000   0.655352134411685
1.105000000000000   0.651134428607475
1.106250000000000   0.647349751613529
1.107500000000000   0.643967750196684
1.108750000000000   0.640959487017057
1.110000000000000   0.638297486655826
1.111250000000000   0.635955778074726
1.112500000000000   0.633909933228097
1.113750000000000   0.632137101529813
1.115000000000000   0.630616039862525
1.116250000000000   0.629327137806546
1.117500000000000   0.628252437759975
1.118750000000000   0.627375649621314
1.120000000000000   0.626682159710630
1.121250000000000   0.626159033615390
1.122500000000000   0.625795012663178
1.123750000000000   0.625580503744595
1.125000000000000   0.625507562236760
1.126250000000000   0.625569867810024
1.127500000000000   0.625762692938166
1.128750000000000   0.626082863974920
1.130000000000000   0.626528714706703
1.131250000000000   0.627100032343294
1.132500000000000   0.627797995963162
1.133750000000000   0.628625107489169
1.135000000000000   0.629585115331547
1.136250000000000   0.630682930898957
1.137500000000000   0.631924538243493
1.138750000000000   0.633316897171537
1.140000000000000   0.634867840218733
1.141250000000000   0.636585963952835
1.142500000000000   0.638480515132814
1.143750000000000   0.640561272314653
1.145000000000000   0.642838423554184
1.146250000000000   0.645322440913144
1.147500000000000   0.648023952526722
1.148750000000000   0.650953613037817
1.150000000000000   0.654121973244807
1.151250000000000   0.657539349844978
1.152500000000000   0.661215696184610
1.153750000000000   0.665160474948168
1.155000000000000   0.669382533733147
1.156250000000000   0.673889984463049
1.157500000000000   0.678690087588804
1.158750000000000   0.683789142018134
1.160000000000000   0.689192381693084
1.161250000000000   0.694903879707884
1.162500000000000   0.700926460822654
1.163750000000000   0.707261623183225
1.165000000000000   0.713909470003929
1.166250000000000   0.720868651908391
1.167500000000000   0.728136320554444
1.168750000000000   0.735708094092462
1.170000000000000   0.743578034923523
1.171250000000000   0.751738640134408
1.172500000000000   0.760180844891819
1.173750000000000   0.768894038978984
1.175000000000000   0.777866096554542
1.176250000000000   0.787083419107460
1.177500000000000   0.796530991473543
1.178750000000000   0.806192450669520
1.180000000000000   0.816050167191210
1.181250000000000   0.826085338313185
1.182500000000000   0.836278092820538
1.183750000000000   0.846607606498767
1.185000000000000   0.857052227607433
1.186250000000000   0.867589611467236
1.187500000000000   0.878196863200225
1.188750000000000   0.888850687579012
1.190000000000000   0.899527544864908
1.191250000000000   0.910203811447000
1.192500000000000   0.920855944035180
1.193750000000000   0.931460646111082
1.195000000000000   0.941995035301846
1.196250000000000   0.952436810313526
1.197500000000000   0.962764416043986
1.198750000000000   0.972957205489817
1.200000000000000   0.982995597068137
1.201250000000000   0.992861225992444
1.202500000000000   1.002537088371896
1.203750000000000   1.012007676745564
1.205000000000000   1.021259105816766
1.206250000000000   1.030279227217757
1.207500000000000   1.039057732211067
1.208750000000000   1.047586241320135
1.210000000000000   1.055858379978358
1.211250000000000   1.063869839390772
1.212500000000000   1.071618421916679
1.213750000000000   1.079104070402338
1.215000000000000   1.086328881020773
1.216250000000000   1.093297099308705
1.217500000000000   1.100015099228108
1.218750000000000   1.106491345220653
1.220000000000000   1.112736337365946
1.221250000000000   1.118762539898050
1.222500000000000   1.124584293477879
1.223750000000000   1.130217711760571
1.225000000000000   1.135680562935259
1.226250000000000   1.140992137049205
1.227500000000000   1.146173100057117
1.228750000000000   1.151245335658667
1.230000000000000   1.156231776102236
1.231250000000000   1.161156223238302
1.232500000000000   1.166043161202222
1.233750000000000   1.170917562191196
1.235000000000000   1.175804686873872
1.236250000000000   1.180729881032194
1.237500000000000   1.185718370083205
1.238750000000000   1.190795053162990
1.240000000000000   1.195984298475368
1.241250000000000   1.201309741613891
1.242500000000000   1.206794088557064
1.243750000000000   1.212458925013481
1.245000000000000   1.218324533755471
1.246250000000000   1.224409721527633
1.247500000000000   1.230731657049862
1.248750000000000   1.237305721554361
1.250000000000000   1.244145373202588
1.251250000000000   1.251262026622239
1.252500000000000   1.258664948686762
1.253750000000000   1.266361171531493
1.255000000000000   1.274355423662395
1.256250000000000   1.282650079866677
1.257500000000000   1.291245130480117
1.258750000000000   1.300138170405663
1.260000000000000   1.309324408112448
1.261250000000000   1.318796694675547
1.262500000000000   1.328545572746066
1.263750000000000   1.338559345169547
1.265000000000000   1.348824162800353
1.266250000000000   1.359324130891427
1.267500000000000   1.370041433274579
1.268750000000000   1.380956473387533
1.270000000000000   1.392048031051844
1.271250000000000   1.403293433761652
1.272500000000000   1.414668741108779
1.273750000000000   1.426148940845677
1.275000000000000   1.437708154975934
1.276250000000000   1.449319854162864
1.277500000000000   1.460957078661682
1.278750000000000   1.472592663910540
1.280000000000000   1.484199468860721
1.281250000000000   1.495750605087941
1.282500000000000   1.507219664704442
1.283750000000000   1.518580945086615
1.285000000000000   1.529809668444971
1.286250000000000   1.540882194292439
1.287500000000000   1.551776222913327
1.288750000000000   1.562470987998468
1.290000000000000   1.572947436691465
1.291250000000000   1.583188395386536
1.292500000000000   1.593178719728837
1.293750000000000   1.602905427393140
1.295000000000000   1.612357812355017
1.296250000000000   1.621527539519164
1.297500000000000   1.630408718731156
1.298750000000000   1.638997957370399
1.300000000000000   1.647294390901693
1.301250000000000   1.655299690949647
1.302500000000000   1.663018050651980
1.303750000000000   1.670456147243623
1.305000000000000   1.677623082021114
1.306250000000000   1.684530298034963
1.307500000000000   1.691191476054277
1.308750000000000   1.697622409541650
1.310000000000000   1.703840859565072
1.311250000000000   1.709866390756107
1.312500000000000   1.715720189597786
1.313750000000000   1.721424866490305
1.315000000000000   1.727004243196223
1.316250000000000   1.732483127407531
1.317500000000000   1.737887076304067
1.318750000000000   1.743242151084593
1.320000000000000   1.748574664547464
1.321250000000000   1.753910923876292
1.322500000000000   1.759276970846495
1.323750000000000   1.764698321710424
1.325000000000000   1.770199709041435
1.326250000000000   1.775804827820275
1.327500000000000   1.781536088030658
1.328750000000000   1.787414375994463
1.330000000000000   1.793458826621048
1.331250000000000   1.799686608669955
1.332500000000000   1.806112725032254
1.333750000000000   1.812749829923671
1.335000000000000   1.819608064753130
1.336250000000000   1.826694914284561
1.337500000000000   1.834015084548803
1.338750000000000   1.841570403787395
1.340000000000000   1.849359747522503
1.341250000000000   1.857378988648492
1.342500000000000   1.865620973232650
1.343750000000000   1.874075522496558
1.345000000000000   1.882729461227860
1.346250000000000   1.891566672646174
1.347500000000000   1.900568179518799
1.348750000000000   1.909712251093301
1.350000000000000   1.918974535187516
1.351250000000000   1.928328214554221
1.352500000000000   1.937744186420346
1.353750000000000   1.947191263890468
1.355000000000000   1.956636397703792
1.356250000000000   1.966044916644190
1.357500000000000   1.975380784726251
1.358750000000000   1.984606873118227
1.360000000000000   1.993685244616486
1.361250000000000   2.002577448357330
1.362500000000000   2.011244822341951
1.363750000000000   2.019648801259772
1.365000000000000   2.027751227025858
1.366250000000000   2.035514659399530
1.367500000000000   2.042902684025352
1.368750000000000   2.049880215233729
1.370000000000000   2.056413790957264
1.371250000000000   2.062471857160826
1.372500000000000   2.068025039247392
1.373750000000000   2.073046397988280
1.375000000000000   2.077511667634618
1.376250000000000   2.081399473996116
1.377500000000000   2.084691530422360
1.378750000000000   2.087372809790377
1.380000000000000   2.089431690788094
1.381250000000000   2.090860076985789
1.382500000000000   2.091653487404941
1.383750000000000   2.091811117524071
1.385000000000000   2.091335869902969
1.386250000000000   2.090234353857463
1.387500000000000   2.088516853875584
1.388750000000000   2.086197266729167
1.390000000000000   2.083293007502128
1.391250000000000   2.079824885023756
1.392500000000000   2.075816947462212
1.393750000000000   2.071296299095694
1.395000000000000   2.066292889536093
1.396250000000000   2.060839276928752
1.397500000000000   2.054970366891100
1.398750000000000   2.048723129179492
1.400000000000000   2.042136294286467
1.401250000000000   2.035250032367024
1.402500000000000   2.028105617071391
1.403750000000000   2.020745077021233
1.405000000000000   2.013210837804317
1.406250000000000   2.005545357479279
1.407500000000000   1.997790758674428
1.408750000000000   1.989988460433236
1.410000000000000   1.982178813002140
1.411250000000000   1.974400738773777
1.412500000000000   1.966691382590239
1.413750000000000   1.959085774575690
1.415000000000000   1.951616508606845
1.416250000000000   1.944313439442374
1.417500000000000   1.937203401419737
1.418750000000000   1.930309951490577
1.420000000000000   1.923653139204197
1.421250000000000   1.917249306064640
1.422500000000000   1.911110916481015
1.423750000000000   1.905246422304876
1.425000000000000   1.899660162704163
1.426250000000000   1.894352300862381
1.427500000000000   1.889318798715878
1.428750000000000   1.884551430653983
1.430000000000000   1.880037836807882
1.431250000000000   1.875761616247453
1.432500000000000   1.871702460092320
1.433750000000000   1.867836324227651
1.435000000000000   1.864135640998041
1.436250000000000   1.860569568937585
1.437500000000000   1.857104279282967
1.438750000000000   1.853703277711605
1.440000000000000   1.850327759451182
1.441250000000000   1.846936995622527
1.442500000000000   1.843488748407086
1.443750000000000   1.839939712375343
1.445000000000000   1.836245979075720
1.446250000000000   1.832363521766514
1.447500000000000   1.828248696978154
1.448750000000000   1.823858759421301
1.450000000000000   1.819152386609255
1.451250000000000   1.814090209442408
1.452500000000000   1.808635344908802
1.453750000000000   1.802753926989525
1.455000000000000   1.796415631820799
1.456250000000000   1.789594193157464
1.457500000000000   1.782267904204308
1.458750000000000   1.774420101933271
1.460000000000000   1.766039630085207
1.461250000000000   1.757121277164170
1.462500000000000   1.747666185869714
1.463750000000000   1.737682230577110
1.465000000000000   1.727184359666001
1.466250000000000   1.716194899713181
1.467500000000000   1.704743818803588
1.468750000000000   1.692868946473293
1.470000000000000   1.680616148077736
1.471250000000000   1.668039451675316
1.472500000000000   1.655201125828742
1.473750000000000   1.642171707051827
1.475000000000000   1.629029975965568
1.476250000000000   1.615862881571437
1.477500000000000   1.602765413399952
1.478750000000000   1.589840421645205
1.480000000000000   1.577198385749758
1.481250000000000   1.564957132255417
1.482500000000000   1.553241503081717
1.483750000000000   1.542182975733347
1.485000000000000   1.531919237266573
1.486250000000000   1.522593714161948
1.487500000000000   1.514355060552637
1.488750000000000   1.507356607543117
1.490000000000000   1.501755776619300
1.491250000000000   1.497713460396699
1.492500000000000   1.495393374175675
1.493750000000000   1.494961381971411
1.495000000000000   1.496584800858535
1.496250000000000   1.500431687616119
1.497500000000000   1.506670111776005
1.498750000000000   1.515467419266444
1.500000000000000   1.526989490901929
