0.0100    1.8196
0.0200    2.2467
0.0300    3.0948
0.0400    4.1023
0.0500    5.4526
0.0600    6.8389
0.0700    8.3713
0.0800    9.7909
0.0900   11.1610
0.1000   12.2830
0.1100   13.1980
0.1200   13.8050
0.1300   14.1220
0.1400   14.1310
0.1500   13.8310
0.1600   13.3250
0.1700   12.6010
0.1800   11.8100
0.1900   10.9270
0.2000   10.0770
0.2100    9.2153
0.2200    8.3725
0.2300    7.5292
0.2400    6.6634
0.2500    5.7968
0.2600    4.9104
0.2700    4.0545
0.2800    3.2660
0.2900    2.5494
0.3000    1.9754
0.3100    1.4905
0.3200    1.1725
0.3300    0.9166
0.3400    0.7853
0.3500    0.6784
0.3600    0.6485
0.3700    0.6157
0.3800    0.6221
0.3900    0.6214
0.4000    0.6436
0.4100    0.6702
0.4200    0.7187
0.4300    0.7788
0.4400    0.8565
0.4500    0.9352
0.4600    1.0143
0.4700    1.0804
0.4800    1.1334
0.4900    1.1826
0.5000    1.2208
0.5100    1.2828
0.5200    1.3407
0.5300    1.4321
0.5400    1.5133
0.5500    1.6000
0.5600    1.6693
0.5700    1.7225
0.5800    1.7708
0.5900    1.8144
0.6000    1.8696
0.6100    1.9362
0.6200    2.0030
0.6300    2.0612
0.6400    2.0917
0.6500    2.0773
0.6600    2.0439
0.6700    1.9649
0.6800    1.9127
0.6900    1.8478
0.7000    1.8228
0.7100    1.7964
0.7200    1.7537
0.7300    1.6965
0.7400    1.5854
0.7500    1.5414
